2024/lab05_netlogo_gis/data/local-slope.asc
NCOLS 195 
NROWS 195 
XLLCORNER -84.355652 
YLLCORNER 39.177963 
CELLSIZE 9.30000000000046e-05 
NODATA_value -9999 
[rows 60 to 79 of 195, columns 46 to 91 of 195]
6.65389253636116 6.75664454569137 6.04688109267048 4.64159723901048 3.47779069518088 4.42427068752318 5.63980766387778 6.13878128806835 6.07225513326044 6.03499251989371 6.5212654153693 6.4646751910645 5.75152086547836 5.62947857992878 5.65735849756136 5.05196934834166 4.09511072273082 3.02503556852151 3.75338094535022 4.55981762843645 3.7281618009783 3.2125544985885 4.53632309343558 7.55568578499475 11.1698833903364 12.9836752431263 12.0351978722304 8.96531742516988 3.46867909309364 4.09888408313883 8.1269110518799 10.2372006117476 10.8254843604658 10.237208092742 8.79640903222395 8.04515572067333 6.96460104932991 6.07228195517358 4.68295260680401 3.90638282480947 3.18985109774514 2.64967081651908 2.78494321586465 2.82381429403354 3.21255449858848 3.24274987767653
6.65866690156082 7.52780945652997 7.71052102931043 6.74910868295684 4.95256037833058 3.85801889728285 4.37393076845725 5.61600416045558 7.11606149177579 7.87890770507162 7.61962676217235 6.54910854032236 5.39371733827786 4.70912673563363 5.13343114181691 5.19958899014848 4.98839632906628 4.17947023952123 3.3335671334964 4.04594270610846 4.11549155271074 3.30571625859217 3.75226993402885 5.6294884367801 9.27009180315065 12.534945600328 13.8201003300632 13.0005491990563 9.16033102420131 4.38004945605927 4.48747179025387 8.222033477759 9.87514393190442 10.0931947985425 10.1547909071504 9.96714256177424 8.32267147384482 7.39867867105653 6.57013885117904 4.54316366859231 2.31653028128568 1.47147217107274 1.65392047856786 2.19902003819427 2.98968855812137 2.37044367144196
6.93058947541124 7.20223379021338 7.72378811085038 7.36844919979934 5.63397021997797 3.55745493333507 2.78180051810862 4.8800332359767 7.9298150735008 9.11259676131401 7.97862117528545 6.55933861069141 4.8403514399344 3.29654702229364 3.28069768326816 4.08850588539422 4.63253633694447 4.69350228649921 3.54851194871995 2.86492188253814 3.69593600600692 3.9713696312197 4.86580093797024 4.93502999721376 6.35531703125369 10.0020177057028 12.8081538615479 13.6581066473136 12.1208591916787 8.50636362965198 4.24155556546615 4.39212109698778 7.18647879158314 9.19799252303643 10.6032453461203 10.8254598050795 9.33974640265756 8.33617949750549 7.75150542204873 5.89442119253344 3.17453799401618 1.97566895975448 1.69684583195321 1.80741136209382 2.46510859847833 1.33534271333728
6.8625130355806 6.7945852114737 7.51756438877306 7.85740277480098 6.66859106792399 4.51619339457908 2.61344083893347 4.47830667065679 7.80653289118854 9.04541649715562 8.07602021043598 6.96240277807953 4.79649839635643 2.85764849527187 2.33896640925264 3.08217026221369 3.77120543174643 4.37182431663017 4.43998797855359 3.47800643823728 3.56993793251502 4.69677492564003 6.10862150811559 5.39724827391809 3.65599718301413 6.37783306193183 10.3584925947498 12.6451669511605 12.4781354384266 10.7588003345669 7.21058546999056 2.4377785936235 3.41338039000516 7.43827142502656 10.3035347318178 10.5883100203295 9.80993505758625 8.85868727013692 8.36803421151027 7.4359981482343 5.20886822718519 3.26569553712185 2.55353530927007 2.44096634924546 2.59255598490551 1.92174102335489
6.72517393749257 6.73998882382171 7.65682067411798 8.61061378025538 8.40558075572475 6.78481861318665 4.67210998708955 4.27819717994688 6.33773492924352 7.98234334846543 7.91783374260752 7.48704068382435 5.60572663740372 2.93737264065739 2.37613127719751 2.65948546218298 3.55745488027239 4.53941923174753 5.29976586302171 5.48837229759921 5.15844562962062 5.27264873978198 6.23478386242146 5.46441513933727 3.5186885602669 4.48023827247316 7.86215026743325 11.1516962250745 12.001066671674 11.974534222183 10.1445343273472 6.14606754614306 3.00397767191239 4.74483924953378 8.69071941111749 9.49320295827784 9.67703151200308 9.20439269368158 8.54113488676222 8.21007891940037 7.0296095807173 4.91607703703526 3.14124884496793 2.78179937926962 2.89440782034586 3.23781826569272
6.2433138949512 6.46871131413652 7.25377787632081 8.50579497633087 9.25323364499054 8.78220519770245 7.22984922477417 4.93981065220327 4.32283853697787 6.15426880412894 6.84179294237769 7.76851514874636 6.85047304057234 3.98220363129687 3.33455528897262 2.97049207615551 3.40407296611517 4.28608784833335 4.93983317998285 5.70320103913857 5.85425573060097 5.43653679665116 5.55052440178914 5.69278540737161 4.94952352919367 4.48700807725591 5.80964847563109 9.07435972850793 11.1662244787562 12.3876685325454 12.0711720282176 9.79787485887006 6.63131592371542 3.88703842128294 5.6012977708397 6.74906714628002 7.94354646137626 8.98079157570009 8.45465650025304 8.03888289200086 7.62528004228161 6.28784103385511 4.09771825681085 2.80276263045593 2.71513950856642 3.72814255249559
4.86055767594439 5.48837191809603 6.35914974289492 7.55629693570499 8.66576995876939 9.33023368176483 9.18060669009528 7.35811688677444 4.10305630089825 3.55321496956865 4.66017952519594 7.18645495955131 7.8861607200145 6.10562966046785 5.00631381906002 4.01545248873813 3.77581219919956 3.43747749805493 3.87522416154592 4.64158386501617 5.22792839141163 5.42235089957966 5.32077394941446 6.01777319297942 5.6623355238053 4.18207643671668 4.75749675139401 7.33668760480504 10.1259705699243 11.9169442998428 12.8484480896932 12.3262447403038 9.91527050431042 6.3102837518494 3.90711923345883 3.73359118390691 5.31130588267403 7.6195759302344 8.36904405517699 7.93838757038996 7.6299623917768 6.45404927705086 4.60176707785453 2.68073784523671 2.10346614526973 3.22910326204283
4.21053263708907 4.38727256325325 5.56372429515578 6.73058481982399 7.83455081771509 8.88211628781952 9.65030411600634 9.50707098642273 7.07291949421461 3.29998673701625 1.86943008125678 5.00438398723359 7.41902614471129 7.19406466305957 6.27328118256567 5.72304306228741 5.34711703402332 3.61127000888491 3.4043479584522 4.28132188293587 4.88613128828052 5.33529539640169 5.34399781226308 5.69469890438875 4.99119100722684 3.55889516327114 4.09509208934016 5.96185861244116 8.87312913921624 10.7798574661373 12.2217062649047 12.8708077345311 11.7093662289003 8.41594246998681 4.76030518904761 2.17257454915761 3.03511767696832 5.58546567859198 7.80252566995371 8.32106979942019 8.2781455075416 6.75213352332371 4.90945151475653 2.51311015751188 0.934949461713815 1.99101699486016
3.92985373894195 3.79326277334682 4.67210130835212 5.82170572818551 6.71014213856643 7.64137889186491 8.98794150218248 10.1399573150017 10.0198438804731 7.84186904918855 4.94392835686225 3.84162453835295 5.60127268747508 6.16666455349531 5.89351646848324 6.54349528424583 6.64792946161978 5.28831366950093 4.11031310874172 3.84349413177055 4.06273074877694 4.63340202988837 5.11946876318394 4.80887864402103 3.62080388598786 2.85679497871832 3.40474604503536 3.93058262165483 6.05781738850078 8.10045945149158 10.2221475011599 11.9639849274649 12.3922879245334 10.9218935319365 7.57170966344084 3.62082096528379 0.997373481848268 4.08207350495098 7.63322790146703 9.31015170546385 9.20382123094813 7.30051649279158 4.93677457175419 2.08136129514692 0.383231705638196 1.16223764862525
3.18903806215464 3.11199396068139 3.20038334289372 3.71291749311717 4.60056572744007 5.81610788357939 7.58148888847103 9.35429444342106 10.7096480367507 10.8874889935136 9.3703986809135 7.07664014831422 4.89024004893467 4.3692390476959 4.45387294644385 5.90034270998321 6.8164263019746 6.61085966859376 6.0070164883654 4.66436896797923 3.99674334269993 4.33698494521466 4.11261073987477 3.41436318080761 2.60516959021665 2.41489347590816 3.30570094707852 2.65317106481005 2.83018146699857 4.93098739299514 7.36306578536116 9.53399311702808 11.523685926669 12.2121006632046 10.3031888634273 6.7105144845628 2.87747850654061 2.14568953077513 7.33593377529916 10.1284267547597 9.9147623013128 8.26670824760849 5.17036333488731 1.65964898517502 1.01881213297294 1.44809951868992
2.97656893021561 2.44958190008707 1.94932440359564 2.38034526939651 3.7903411943142 4.67714843068846 5.64663845337523 7.17811323724283 8.86695843363187 10.1311115546735 9.89736315640065 8.83798596765546 6.98670712435554 4.84395112899517 3.52377015338597 4.59002195371092 5.8719684791706 6.58904577889462 6.85715745265744 6.0469404590098 4.87996819825462 4.4338544544935 2.71509388613263 1.53184271911782 1.32603840123971 1.65731159955207 2.74013775691578 2.25137080567178 1.44244244753162 2.79917136048047 5.17157593872774 6.94799189363794 9.48308628347432 11.8650394350628 11.7758740503798 9.76680457176159 6.79931674052737 2.11319040208167 5.43233879005424 9.32940521412811 10.303448697448 10.0296382393956 6.44663088046864 2.14571522671963 1.97031330789538 1.7593928272909
2.55353912507492 1.86628219701115 1.60392474167997 2.41485765381715 3.56991992931357 3.07926193691858 3.6342481080019 4.89483342653244 6.18271955937005 7.6200067885966 8.39159907284397 8.89192921081209 8.91773544136746 7.69497661299654 6.26586928730659 6.06359980481731 6.2207695856565 6.01450338983258 6.17359488075777 6.41314677015473 5.34710081143381 4.27863509539594 2.14115356589459 0.13926815896608 0.278555924700875 1.10658771845791 2.24005725237364 2.14569814145782 1.73075129879191 0.991156387058098 2.85678921070503 4.99119402554107 7.31883667670024 10.1394329993442 11.6702940233363 11.3633757021528 10.0350867980514 6.25215593173235 3.51084187858782 6.4882776071429 8.95305580993243 10.4089350066697 8.3769517071616 4.72896529974465 3.14456455189537 1.88531917039342
2.51307436959494 1.83276106719429 1.36297156863263 2.33151766901955 3.06418604279637 1.9239114068675 1.89419335108366 2.6506674177216 3.95674891562518 5.43653345361576 6.72498400630148 7.73126430268866 8.6171061170681 8.95932270855052 8.98142241366474 8.61673257295761 7.70786494856911 6.40502403263203 5.75620061656433 5.56511104726098 4.60619361110112 3.66051160487323 2.21230580318288 0.603623354425546 5.08888749034163e-14 1.07096969198478 2.14119153664874 2.14119153664874 1.70820674215577 0.772762267600529 0.226422904179866 2.41326113196738 4.79960088630252 6.98444704133601 9.83802198774396 11.0370730912936 11.1382116818645 9.37111210891525 6.14561761201606 4.49873552645565 5.80224702822564 7.87730785043696 8.36796011354216 7.26484260218895 5.6927593915074 3.77033686566408
4.12955942573779 3.12213888856998 1.61221432052175 2.04030116419711 2.63336676549741 1.58849854600804 1.42457780873996 1.69772117945295 2.31261565873239 3.51881349904032 4.61771164795356 5.57965798717685 6.66516545522225 7.5535484058556 8.37131920449241 8.54021761310244 7.93198561703978 7.0245105726519 6.23807669026473 4.84483566673373 3.25401512407898 2.76465901368003 2.25724916802747 1.09606159230538 0.557183690897032 0.98545829909162 1.96782207635087 2.14118870582862 1.2571413487938 0.454391965291396 0.769407454009883 0.76644237130748 2.40672138327273 3.95619657315198 6.87286843533605 9.06570596182904 10.1419503067686 10.0135030947843 8.62864181729649 6.34245965723366 3.68150473545391 3.83296437909625 5.858361877942 7.43592246698879 7.3799272396848 5.73289356320029
6.74174052164144 5.61616666521264 3.70496451573095 3.174504911779 2.86864939291327 1.36793807032276 1.36792996352589 2.67936784731874 1.86023467168423 1.91680751093806 2.92277261233163 3.71288724986187 4.42313909160846 5.00174792920986 5.48836219746631 5.73618732544912 5.95264580232204 5.71697946491912 5.02844498700509 4.095090943852 3.1924190301742 2.6370418725245 2.40610965714397 1.54524153462726 1.26606808854572 1.26508544139404 1.47798568364576 1.96783230566697 1.07096685820449 2.54444374517081e-14 0.226422531709683 0.227197297690531 0.766449214869108 1.92393856006927 3.90753826442066 6.26945255196366 8.1813850301474 9.08087832407558 8.93408989601185 8.02749061302567 5.98141587025068 2.80636164204389 2.14567678386564 5.8470577834787 7.34945200518676 6.64826223128741
9.89378073148057 8.94265969250971 7.10842940667439 5.71554166296267 4.83848380554076 3.4117003123833 2.63544115978894 3.617189979527 3.11615725070375 2.24002040972849 2.51556341589179 2.30712861917068 2.43777854186129 2.7504986880264 2.79078684256018 2.75546809524633 2.88574946597194 2.71561709710604 2.51198228139753 2.2988149132092 2.37332787838217 2.47174531920906 2.20852585884486 1.86877653430129 1.66237349182827 1.60390199637179 1.3629618940404 1.47800873303747 0.90330775460956 5.08888749034163e-14 5.08888749034163e-14 0.226422345476004 0.495608734586136 1.11230970510677 2.10291647485057 3.74125248175524 5.59758965351591 6.92576826269702 7.53578831930959 8.00061956587968 8.04685123436488 6.80934254420826 3.81392118637013 3.55317859919937 5.72044080354446 5.99676068036004
12.0231849349899 11.5901868459343 10.4290107947134 8.5146330655391 7.46086437561514 6.26150139819944 4.94157777878967 4.84949914609987 4.85653238063803 4.28372198683834 3.93716498327101 2.513038928376 1.43048059450601 1.6226861884129 1.39624721201797 1.32166321348608 1.13198665694885 0.718924250595389 0.991135273922851 1.11417703162278 1.26507988704599 1.5648792198582 1.89418817236788 1.8941911280596 1.5287848693172 1.54222000077855 1.46498006423356 0.908756461921941 0.492771815843038 5.08888749034163e-14 5.08888749034163e-14 0.766414359310696 0.988473096906999 0.991156174418752 1.25343906445819 2.06756053896766 3.35340531518134 4.6483944339633 5.68641567048802 6.63131057997585 7.9442609861752 8.7693656722552 7.74919552076223 5.50310728797813 4.63970049903614 4.14294328091424
11.9108377640962 12.3289780354945 12.0230585726912 10.3665420217651 9.53001330033172 8.73214712509024 7.35611805553039 6.78082516850722 6.3998349850657 5.92494589868924 5.82670945853458 3.84797002657697 1.8693914050171 1.21709097242305 0.974954951729549 0.769406841966648 0.492746613741845 0.766430026813931 0.988489040812257 0.909722475438852 0.782602627744989 1.27739113399346 1.47145281435464 0.782599384599856 0.884953696320633 1.21709310136708 1.26510469553649 0.992525480636648 0.330871245894817 2.54444374517081e-14 2.54444374517081e-14 1.16225103893959 1.00371087910666 0.417882905129215 1.21021676355936 1.62268595478482 2.25593867907611 3.366612635866 4.53856947345394 5.42313244660091 6.78424072249143 8.20230158649273 8.73735024918301 7.82909930675019 6.04260250725915 3.41435408637403
10.3199723773459 11.8106402722464 12.32677510028 11.4371261069677 10.883282296546 10.3216574753033 8.95736201516324 8.73853865441808 8.42962066493192 7.70942537067869 7.51297284514358 5.4078728474384 3.0152564130547 0.905646780363036 0.417893531463824 0.38322730449315 0.178495585563059 0.984207625052522 0.829978736897203 0.330851624667549 0.383228405384115 1.34039663185336 1.16224950689027 2.72388466848931e-05 0.892490340103465 0.892490340103567 0.383210754598523 0.875471985227405 0.766421423073695 0.113202697940419 2.54444374517081e-14 1.16226245980331 1.07997565570503 0.658772693493469 1.92169436044767 1.75654571622677 2.07578381125951 2.75049014208894 3.38168761713892 3.93058535021109 4.84297493364 6.23806026929897 7.38818698768495 7.68330147944513 7.15661032616433 5.80962546705605
6.88552518690247 9.68074441383309 11.2747233442343 11.4084898075892 11.4850300135685 11.074423093616 9.68072797734914 9.75228309315677 10.1934403473633 9.7606797340083 9.14936516982088 8.00081803182819 6.03769209272065 3.60317982899516 2.27084513511672 1.54524017711588 0.715221407017632 0.658781454291084 0.782602196770663 0.835700106962107 0.905632963641762 1.3185586614518 1.32164379649386 0.908755905206411 0.997366043323472 1.21709225303052 1.18718852287485 1.00933317524119 0.792450905971386 0.330872591462238 0.226434676051191 1.2571291398119 1.10657674861914 1.2112603425083 2.28282840965317 1.69928476789812 2.03696366402594 2.09142088751871 2.15984809601526 2.50566890914207 3.13221268225169 4.26510574216835 5.42311745689792 6.13446957692963 6.7063631728723 7.13534182112693
