2024/lab05_netlogo_gis/data/local-slope.asc
NCOLS 195 
NROWS 195 
XLLCORNER -84.355652 
YLLCORNER 39.177963 
CELLSIZE 9.30000000000046e-05 
NODATA_value -9999 
[rows 160 to 179 of 195, columns 92 to 137 of 195]
2.08840931417204 2.22366033549636 1.9843565177563 1.46496968895267 1.44239790057719 1.58453616668768 1.13197755263625 0.566044012108427 0.113212338332097 5.08888749034163e-14 0.178503456546578 0.227182609779926 0.681540649865435 0.992441692967725 0.992441692967768 0.909679221268696 1.00927743089489 1.64110838001715 1.1064130043247 0.113177790866726 1.07089948325876 1.07089948325876 0.903166608328644 0.985313593387812 0.55709868196026 0.633063517751935 1.00927040974413 1.33842805117677 1.21367326612617 1.11417703162278 1.4304129267865 1.65384277141633 1.6039340024979 1.67104478614232 1.98438906792882 2.60195881466487 2.18015974756213 1.44804156490735 1.33845954205941 1.87053947200985 1.53847948887434 0.9925100538333 0.660920105430247 0.417893531463824 0.359501237205758 0.278598432183643
1.39264380321282 1.23613100000712 0.772735674024915 0.278598432183643 0.827262816447432 1.20711712769628 0.566043546732745 0.113212245248175 5.08888749034163e-14 5.08888749034163e-14 0.139278788022285 0.792332594003262 0.988395400434517 0.7825499543404 0.549581552926189 0.45441846722823 0.988462008432697 1.24502828185412 0.603543261449514 0 1.07089806687153 1.07089806687153 0.492709526866171 0.769360012436057 0.835657607516766 0.835657607516766 0.909679209687887 1.11223278877264 1.00924607471519 0.771219787108474 1.07832191624417 1.81894229490802 2.09601060489631 1.818900034095 1.98432000522211 2.66901892407059 2.87730308189839 2.31476984763602 1.68993495050589 1.78661461273937 1.54515616733318 1.42735880528385 1.23613100000721 1.11421952403725 1.25343906475385 1.3260570415203
0.278598432183643 0.227212760287805 0.113212152164701 5.08888749034163e-14 0.984140305799784 1.0799143948443 0.113212152164701 5.08888749034163e-14 5.08888749034163e-14 5.08888749034163e-14 0.603542633152391 1.1645485979928 0.660885245553848 0.227212760287939 0.113212152164781 0.451652192983183 1.00357186329064 0.658632175448973 0.113177604756378 0 0.903248262675086 0.9854124613171 0.633147642186879 0.771286247076997 0.835742606406528 0.835742606406528 0.835742606406528 1.03825885815633 1.30324960581519 1.53183209977171 2.02140210069052 2.42627003288541 2.47655455474698 2.33990771012867 2.47104992275264 2.8537589393554 3.07473790801278 2.96671403767798 2.41475964985952 2.12528032714057 1.65724316123026 1.44239696626101 1.4919543099617 1.39264380321279 1.57285255531539 1.88188912505482
0 0 0 0 1.07089523411614 1.07089523411614 0 0 0 0 0.984030372715721 1.07980499557227 0.113212059081835 5.08888749034163e-14 5.08888749034163e-14 0.383215274758491 1.10641959024902 0.72732879463671 0 0 0.49274213374693 0.769427055240103 0.835742606406528 0.835742606406528 0.835742606406528 0.835742606406528 0.991181375183201 1.32605702564728 1.6039339828077 2.02144285348828 2.49763103617191 2.20359266022712 2.11873379894488 2.39338749235578 2.72438194737315 2.96270206826648 2.745185521059 2.97635791489436 2.87729922036607 2.63368622475028 2.55334307694263 2.29093100507957 2.39336245923682 2.5056795159155 2.31263305260721 2.29090401928306
0.13930003947752 0.227212667529691 0.276663150281305 0.439276213164683 0.985410323330538 0.903245930058528 0 0 0 0 1.07078491280785 1.07078491280785 5.08888749034163e-14 5.08888749034163e-14 5.08888749034163e-14 0.113211965999417 0.934820484044255 1.04147134596741 0.226388501039439 0 0.113211965999457 0.227212667529711 0.278598432183643 0.454387946907147 0.718905418452318 0.835657607516766 1.00924529210802 1.13582090314242 1.26605649649936 1.76094056381704 1.65384022577634 1.34983563562216 1.6039339762444 1.88190903127517 2.2237265074159 2.78163107126914 2.41557089479698 2.96750190345099 3.18965772444504 2.76300738343609 2.69759692638513 2.66857536831998 2.85451680885482 2.92259913234534 2.99338991996356 2.97110088689589
0.557183690897032 0.58507496133349 0.884953765601977 0.988493593839474 0.769426370604429 0.492741064521752 5.08888749034163e-14 5.08888749034163e-14 5.08888749034163e-14 5.08888749034163e-14 0.903137150966699 1.10641684911586 0.226422861824635 0 0 0 0.492707388520262 1.05194549985434 0.769325538858743 0.55709868196026 0.55709868196026 0.55709868196026 0.55709868196026 0.769325538858684 0.886470301646832 0.835657607516766 0.782549092835433 0.772733710906928 0.988459919856985 1.22247307451698 0.884855120249065 1.21012511411764 1.58994093155007 1.67095984145915 1.98431695160918 2.71488209691861 2.09138181060053 2.52447998802824 3.08809789142556 2.63529534717767 2.10279903999478 1.88182419588727 1.94928194429173 2.09601052459637 2.56207717352148 2.97105905837551
0.97500807185925 1.04844067645463 1.00934507802019 0.660917714153227 0.227212574772623 0.113211779836004 5.08888749034163e-14 5.08888749034163e-14 5.08888749034163e-14 5.08888749034163e-14 0.492657526333018 1.14938785871914 0.658713259575482 5.08888749034163e-14 5.08888749034163e-14 5.08888749034163e-14 0.113211779835924 0.566006675831437 0.782548877462308 0.835657607516766 0.835657607516766 0.835657607516766 0.835657607516766 0.782548877462284 0.549580019363524 0.278598432183643 0.439275781387519 0.90558545365145 1.01869634716789 0.565937587713891 0.766360534945923 1.75038079322793 1.65720465366924 1.54220856951304 2.01793278904992 2.8647171282421 2.43301342254282 2.30706834109459 2.80256176485769 2.65303998743256 2.27080042319071 2.22751204975739 2.22751204975739 2.33990726076651 2.62602652313253 2.98187603431406
0.278598432183643 0.278598432183643 0.359501032024507 0.495640588468907 0.454417910708583 0.226422489504122 0 0 0 0 0.113177139488529 0.934784781030617 0.939480516565658 0.45441791070865 0.226422489504162 5.08888749034163e-14 5.08888749034163e-14 0.113211686754929 0.227212528394447 0.278598432183643 0.278598432183643 0.278598432183643 0.278598432183643 0.227212528394487 0.11321168675501 0.226422489504057 0.792397767383069 1.01869550978544 0.56593712243767 0.33959697809549 1.04158452216556 2.10882299687772 2.08047920498528 1.79140797299977 2.2035921830082 2.96670765005996 2.85375229691891 2.53040656313484 2.71487763930837 2.41478694332688 2.33999046763571 2.50572194315531 2.50572194315531 2.39338721122078 2.47113954845579 2.96670765005984
0.835742606406528 0.835742606406528 0.835742606406528 0.835742606406528 0.886570266001693 0.769425343664816 0.45441781795719 0.226422303345209 0 0 0 0.492656457334834 0.769326031822802 0.886501476810042 0.76939223959166 0.557183690896981 0.454417817957237 0.226422303345209 0 0 0 0 0 0.226422303345224 0.45441781795726 0.76939223959164 1.01869467240738 0.565936657163728 0.339596698891052 0.792431656735192 1.27732310617625 2.46478657322671 2.9537062332724 2.4192286465578 2.29880335832917 2.97503809904001 3.1834518491471 3.0785192942305 3.07307008948534 2.82374638900332 2.58905593289433 2.50572194315531 2.50572194315531 2.43783164211932 2.39933133189271 2.75316165358073
0.278598432183719 0.278598432183719 0.278598432183719 0.278598432183719 0.549612946818052 0.782617384641224 0.886569968945958 0.792431005296726 0.226422117187151 5.08888749034163e-14 5.08888749034163e-14 0.11317695338473 0.227143100864934 0.549512934184632 0.782516899717442 0.835657607516842 0.886501179767606 0.769391897309398 0.557183690896981 0.454417725206448 0.226422117187392 0.226422117187287 0.454417725206411 0.769391897309289 0.886501179767507 0.782516899717465 0.565936191892306 0.339596419688038 0.792431005296822 1.24509754847051 1.58445540567687 2.8437326975199 3.38839451058835 2.74451331491075 2.30232256829797 3.11193076467724 3.99120198453205 4.20004320286624 4.0552716651833 3.82531878370587 3.32863079896986 3.06143506764861 3.06143506764861 3.06143506764861 2.8876233819018 2.86876542558144
5.08888749034163e-14 5.08888749034163e-14 5.08888749034163e-14 5.08888749034163e-14 0.113211407514809 0.2272123892617 0.549612640087553 1.01879660685007 0.792430353861971 0.22642193103043 5.08888749034163e-14 5.08888749034163e-14 5.08888749034163e-14 0.113176860333563 0.227143054501745 0.278513417217928 0.549512627492037 0.782516684373493 0.835657607516842 0.886500882726743 0.769391555028912 0.769391555028862 0.886500882726695 0.782516684373516 0.549512627492017 0.227143054501728 0.113176860333467 0.658742691139867 1.0960219386626 1.20702356374388 1.86003858986992 2.84707435427407 3.56509891889256 3.34867702177848 2.96265829121903 3.27102497773995 4.35316841615098 5.0580150158842 4.70768475102669 4.05530126297263 3.54649170524288 3.48252985823554 3.7596816680626 3.89414651910439 3.68720549349411 3.23192670788237
0.55709868196026 0.55709868196026 0.55709868196026 0.55709868196026 0.454348208231196 0.226387198126226 0.113211314435766 0.5660388931064 1.01879576939981 0.792429702430349 0.226421744874364 5.08888749034163e-14 5.08888749034163e-14 5.08888749034163e-14 5.08888749034163e-14 5.08888749034163e-14 0.113176767282843 0.227143008138808 0.278513417217928 0.549512320800866 0.782516469030605 0.782516469030767 0.549512320801045 0.227143008138871 0.113176767282908 5.08888749034163e-14 0.226421744874284 1.04157962766033 1.14946507198503 1.3677419687139 2.18989774795322 3.01495988791961 4.15917142188171 4.10689139047616 3.56970080896812 3.30570950913881 3.77233926520411 4.5625475397218 4.71449864439665 4.08137718774152 3.5059962503081 3.68622968052049 4.31551109977918 4.6568771724585 4.56027517310683 3.83417820296797
0.835657607516766 0.835657607516766 0.835657607516766 0.909679082304364 0.988388917559589 0.766304520774652 0 0.11321122135713 0.566038427756908 1.01879493195382 0.792429051002182 0.226421558719114 5.08888749034163e-14 5.08888749034163e-14 0.226421558719314 0.454417446957054 0.557183690896905 0.557183690896905 0.454417446956954 0.339595582087393 0.227142961776162 0.227142961776186 0.113176674232636 0.226421558719314 0.454417446957054 0.557183690896905 0.769423974438812 1.27731835765571 1.27724955310962 1.69912562007794 2.51533108399708 3.33666953843842 4.45442478286624 4.22074439159969 3.44488833592119 2.57680314399764 1.81017404073632 2.7458556799202 3.73104222116109 4.08137571076873 3.73135558766665 3.54651668425448 3.85654750584465 3.98835280562589 4.31548510656656 4.11296324949899
0.718973408159885 0.454417354208359 0.278598432183643 0.330875308914701 1.00353568808681 1.16207681932725 5.08888749034163e-14 5.08888749034163e-14 0.113211128278943 0.566037962409815 1.01879409451202 0.76942363213685 0.557183690896905 0.557183690896905 0.769423632136812 0.886568780739955 0.835742606406528 0.835742606406528 0.944125444601015 1.07838936519941 1.11426201645047 1.11426201645047 1.11426201645047 1.26511933442394 1.39622320749774 1.39264380321282 1.30323520816629 1.54514794088384 1.54514439563697 1.72857682535952 2.73983122190318 3.35365481294297 4.08149365473867 3.94270889543488 3.22149530656786 1.9675617383529 2.12542437518276e-05 0.985316531930275 1.75646361369697 2.76303287876202 3.11195400412263 2.83452820296021 2.64500150738398 2.07577698975544 2.20354990006825 3.25376951319149
1.09905555153107 0.766353496969342 0 0.178500150619445 1.07077075093081 1.24919818039425 5.08888749034163e-14 5.08888749034163e-14 5.08888749034163e-14 0.113211035201243 0.566037497065081 0.782616307743103 0.835742606406528 0.835742606406528 0.782616307743149 0.549611413182381 0.454387019622793 0.718904832431636 1.2136841816701 1.98173694489275 2.4378316162466 2.43783161624661 2.43780942010765 2.56207955775572 2.3932946931545 2.22751204975752 2.1598052213878 2.14358110326387 1.89414949350801 1.86620094120515 2.79345844438807 3.2899886393854 3.55924732737411 3.21249750613569 3.06008447407621 1.93575376021684 0.330858887668161 0.178486533374406 0.417851025237267 1.16992313053117 1.88758030714302 2.02083720051859 1.71883365401266 0.944050166813768 0.556163814222629 2.59235369451679
1.17869813900566 1.16212810711527 0.113210942124136 0.113210942124136 1.1620737566723 1.1620737566723 0.113210942124136 0.227212157378943 0.278598432183643 0.278598432183643 0.359500797542086 0.495640418400823 0.495640418400842 0.359500797542161 0.227212157379029 0.113210942124248 0.553221441491579 0.90550967676939 1.54514952482749 1.86869180808062 1.60387180414642 1.60389149464239 2.11314259445028 2.60512085548659 2.57675506163256 2.50572194315531 2.50572194315531 2.33998956898076 2.11319922306976 2.22368181355454 2.46392259542033 2.84700669964839 2.98242787691586 2.40923315397795 2.60965168968998 2.10874406062686 0.658696663968448 2.54444374517081e-14 0.658696663968416 1.09905417340501 1.39263318243457 1.46495815184236 1.25342844249533 0.997301143631257 0.713910549481202 1.53114394102165
1.17871212684217 1.0708495962554 0.113210849047453 0.566002022608395 1.31841070235809 0.658653771684584 5.68954917912609e-14 0.3595007682326 0.557183690897032 0.557183690897032 0.557183690897032 0.557183690897032 0.359500768232662 7.19677370623191e-14 0.113210849047333 5.08888749034163e-14 0.553220756084237 1.04147522116587 1.62994965718085 1.3402353148359 0.226429211348019 0.878428476968295 2.10637812650406 2.12032675400027 2.09609489887295 2.37338000474028 2.50572194315531 2.43783160762257 2.42632393488067 2.39928843405181 1.89411092555483 1.8600088543542 2.40914783286692 2.23110275408765 2.06238548570998 2.04001210841048 1.25823281944618 0.356968657582062 1.14943311334484 1.69912067288613 1.46302538055891 1.81021650701177 1.79686267140934 1.99399698725399 1.65719392095831 1.44239042634223
1.07988784754955 1.07084818000899 0.549576645672144 1.24502030006483 0.792322172380148 0.226386081380633 0.792425793911008 1.1123280366629 1.11426201645052 1.11426201645052 1.11426201645052 1.11426201645052 1.1123280366629 0.792425793911103 0.113210755971146 0.278598432183643 0.226412235728673 0.565975408567037 1.69753688524427 2.06716400964737 1.35461538475888 1.99083540512263 2.60188802123197 2.19889280192073 2.24640871647724 2.64962036121558 2.92796105262599 3.06143506764861 2.78929748380874 2.17451504069813 1.68054056985236 1.33845298911421 1.65939551452942 2.23109848458122 1.55625835694947 1.65402229157313 1.97006908160567 1.34023465091092 1.86004908928995 2.77842843450607 2.85905871273788 3.1077883064852 3.4143269035279 3.79028932355079 3.95667437078694 3.50595100173227
0.984119583985158 1.53112015335632 1.05193248558114 0.827146258572752 0.339593906925299 0.772761521332552 1.24512286912918 0.660912931829972 0.278598432183643 0.278598432183643 0.278598432183643 0.278598432183643 0.66091293183006 1.24512286912924 0.878494747409097 0.557183690897032 0.557183690897032 0.454416890472889 0.792390602021571 2.08233743331714 3.2094173082605 3.17086856390155 2.82776477920129 2.52488086747869 2.57282286878821 3.05027852328902 3.24463357745808 3.20527320400766 2.9441981839516 2.51478482669605 1.89873990178076 1.68054054480054 1.56486985523737 1.64110827839492 1.07081953782722 1.24919157247023 2.14535593769358 2.06235517929114 2.76430519683795 4.48609147424424 4.60413779092271 4.35194945163868 4.42311467841912 4.57442644317842 4.40752272075858 3.84803041499011
1.31845455176026 1.75030516641255 1.2069926473876 0.661694437785334 0.87849431573986 1.10990428101391 0.67923248195206 0.113210569820129 0 0 0 0 0.113210569820129 0.679232481952156 1.00934168642543 1.11426201645052 1.11426201645052 1.11232735494223 0.884945599628968 2.15890647730076 4.27573466063425 4.03871725073842 3.11578994910854 3.00675950788353 3.08178169911158 3.1081324458024 2.56209956371146 2.33997611360151 2.29088867163198 2.44948414918555 2.11314545241844 1.81015280790468 1.46495000955774 1.11225838153468 1.24505278428287 1.87848086110545 1.97007381264337 2.52683147116912 3.99223847338667 6.32248272451533 5.75398325906594 4.12971843368243 3.77216651080082 3.4373530233963 3.77535185833974 4.36946534939844
