2024/lab05_netlogo_gis/data/local-slope.asc
NCOLS 195 
NROWS 195 
XLLCORNER -84.355652 
YLLCORNER 39.177963 
CELLSIZE 9.30000000000046e-05 
NODATA_value -9999 
[rows 20 to 39 of 195, columns 92 to 137 of 195]
4.57449185549928 5.18882172554992 5.14304765608789 4.66302699909536 3.70391093452698 2.29089353036945 1.52878833073246 0.99740827618742 0.227204225510391 0.984242785444625 1.0037833010638 0.985498147380524 0.93500877807516 0.113208099075171 5.08888749034163e-14 5.08888749034163e-14 1.08005989762433 0.557162439328895 1.32169218856294 1.07832064338799 1.92400670472965 5.31161453699055 7.91827529810647 8.34961867436019 8.17922215970044 7.27123199526187 5.74130689969195 4.11568383164657 3.03214715555186 2.35129238749967 2.72440728781537 3.63478118115056 3.9553789732392 4.2930535406157 5.41828709004376 7.06613070044401 7.58561371799818 6.85076771119969 6.90117469004061 6.84690369691513 6.82236409944099 7.35647718276798 6.33584582160651 7.20224962029398 8.94907227141295 10.4688885053144
0.908751550050077 0.330878383584809 1.07834789820439 0.991171416370819 0.549641435336273 0.13930003947752 0.13930003947752 0.113225281646061 0 0.60365541770222 0.886547485881253 0.878495655756065 0.492776565877365 0.226432403462684 0.454396791341549 0.454396791341526 1.88546935239106 1.87069278625646 2.5119947311746 3.08217836248985 3.87122520963862 5.62182787698065 6.34930480259483 6.04892315843752 6.6220810941189 7.35139421494078 6.83091477190669 5.67443737624627 4.96810034169134 3.65548266510763 2.44107358514835 3.39259818142927 3.41246677405795 3.7757289332292 5.59292357724363 6.97495927390203 7.08381572040531 6.78590969521644 7.10394441591525 6.90116892879309 6.84689825693641 7.51874823234903 6.12683809399327 5.71698293751751 6.98887414155255 9.03290876850218
4.63342847504805 3.41173960645397 1.97722474571093 0.854552953932339 0.454416242633371 0.359491608296198 0.359484696181465 0.226432217178307 2.54444374517081e-14 0.113207912802359 0.227184587585664 0.113212115315498 0.35948469618152 0.878495102340589 1.00931344878875 0.988501309862309 3.29981809752691 3.66568327069768 3.72952989091667 5.38253349251865 6.52516656892777 6.91467294395844 5.47428407971212 3.49039467876183 4.03960033446784 5.57462289944785 7.27041401104146 7.23945771282755 6.18164691839411 5.60163154532703 3.98241894645757 4.0181201398375 3.77570370235969 4.08155029584253 6.10529746896106 7.1439091816645 7.14391651531747 7.09656703770959 7.31573436031289 7.10393769127541 6.78956060509373 7.14103220472473 5.90613374150203 4.79037044164144 5.4916558802042 7.11677659525983
5.59068385003968 5.04466874650124 3.84160444873919 2.62609515163892 1.98074159306321 1.40403230012033 0.99254452503425 0.679280876093054 0.227219209596634 0.113225095345844 2.54444374517081e-14 0.553367877675102 0.679267803241758 0.679267803241743 0.178535818735234 1.36800695328434 4.693326893314 5.78125046772461 5.740676313717 7.34569463592979 8.0887165719599 8.1214172919726 6.82216458977248 5.20978919513706 3.63043246663524 2.85893371511003 5.43973934018213 7.31040951853894 6.61958925237928 7.04386642885067 6.26204629949186 4.96784417485709 4.26825863458297 4.76747431851314 6.43807209387269 7.11640782818724 6.98699625084574 7.19267153059192 7.5194677142277 7.38029632183972 6.58477946954596 6.51053733196775 6.1490453845872 5.16327285636607 5.38256101393836 6.3177177913886
4.32298029800667 4.69161647744922 3.79515294877024 2.77896493386046 2.59718241904849 2.10293496221801 1.64731901579132 1.46306358087625 1.23617303236981 0.772802936066344 0.454416056998353 0.991158386176441 1.70869923637173 2.03654265073034 2.51480947375013 4.17052300093464 6.73525450129555 7.8519911719637 8.02301430028589 8.54928854251382 8.16584959997088 8.19095112478246 7.96988928419528 7.98526820592467 7.22442249900107 5.97838374303555 4.72029481939036 5.8938240829022 7.15236876255016 8.09912319759201 7.66751115536896 5.72971378308633 4.87330355777062 5.75469061289971 6.45445911402037 6.66031540195332 6.50131440395202 7.13179965754035 7.6707422171259 6.91741733420523 6.11124064062029 6.06217417062907 6.12488727303366 5.36813245359642 5.39586031861641 6.13450957559531
2.83490969303601 3.77868448976425 3.26579580340249 2.32807494574955 2.43314682208927 2.63710005653262 2.43311465685951 1.94575469163739 1.89420370240552 1.94576445900938 2.43322151746087 3.37414388417288 4.28610506012031 5.00492212996405 5.91162431579687 7.29541420799134 8.39766752291321 9.01484847535945 9.15765876875687 8.92062306510638 8.07277397673556 7.82316499495178 8.12021016677187 9.08208945455349 9.43758613255545 8.55192598517828 6.6770346429298 5.59069537963041 8.05223423681945 9.17060830477576 8.31859636297728 6.5105250922131 6.11892492973426 6.45445371020482 6.09072630200596 5.87989570188527 5.90467247292091 6.92328999127423 7.23059580885063 6.10067590985185 5.72335694596152 5.61994353500267 5.79082548210247 5.89467947138169 5.10993716607501 4.93079681112533
2.06272157798977 2.63228716098121 2.35128164752251 2.39935417438708 2.67554730300558 2.77896323153073 2.85923733798946 2.3466360640352 2.29087904439235 3.22013742151423 4.76034487150457 5.46638014886981 5.8701190394109 6.71950311565998 8.15548188718132 8.93418756531169 9.0923685026822 9.47368103850327 9.29262041105395 8.6588569237524 7.98278707775333 7.54859077662076 7.54787277173744 8.32879709203137 9.4668296560147 9.92056532025218 9.22756753773734 7.60955576637116 8.79516504338265 9.93263079878534 8.91285160815051 7.42628460202759 6.61543141467 5.81635936465838 5.39784682762725 4.76134574192768 4.91339662907464 6.37531705285387 6.10390296043394 5.43263887911831 5.60600671970035 5.61627446449528 6.00736238717533 6.49481623630884 5.10905766476618 4.70765547425629
1.3404857219354 1.58858420998843 1.56491598748178 1.98169787303259 2.73909239735108 3.37413150859698 3.80524566160255 3.69462125270447 3.4825936358586 3.98455506281237 5.04861516177902 5.94589138603828 6.9544946585999 7.80449262009897 9.03290710787733 9.72049421744418 9.91635476277117 9.63320734879004 8.50594312112035 7.88145209658336 7.68198875572384 7.32231860283394 7.24050238465422 7.61707167189128 8.64366935498574 10.0084265990533 10.4916371662827 9.14255624300608 8.91427759019462 9.54726954014819 8.67899064085184 7.20414277396235 5.8096263801083 4.60925475710271 4.50087286012177 4.01811092485546 4.20716195535207 5.03398490565758 4.63141634006088 5.07685625784437 6.43879736187132 6.86576991362428 6.66768077853245 6.66766702132119 5.64006395916361 5.82703770259304
0.661731316194853 1.39623912577269 2.09605325748469 3.14337802120497 4.36821008073091 5.30490002993422 5.66240890706031 5.04813848692498 3.95870412670976 3.50327370629261 4.56154949339732 6.62355899474849 7.85915580621344 8.4448891221949 9.76253660937503 10.3687987938984 10.0510671031008 9.16771712812373 7.97217284294258 7.54240790684245 7.56150743058036 7.55275644896395 7.85756719207886 7.8419686446036 7.7312723445836 8.41757326613669 9.64054338051544 9.20003121507096 8.25672074934798 8.18840237099355 7.6019807030531 5.92829502058384 4.75154847693648 4.17049841006507 4.06277193107022 4.06897847984902 3.82727452029303 2.69758989026455 2.78924745584296 4.20140003986076 6.86213250855034 8.61605919960117 7.80686713691915 7.03301373079896 6.57782441586776 7.09220798913072
1.2170791275928 2.37043028372071 4.25672233746034 5.7887279146304 6.63220671251302 6.72517399137318 6.91077882056328 6.15618582168503 4.40763386057337 3.68005892452383 5.42153985940678 8.32075000200581 8.95687618670868 8.93211033867292 10.2193610304919 10.2750694876534 9.32491258489331 8.69757978653348 8.16779431347729 7.58154360503827 7.64248200464333 7.88144270385694 7.99096999357229 7.5378699135294 6.78290578141653 6.93960210177622 8.22774797860628 8.66602687936559 8.1701514946203 7.40164300396297 6.67186669508817 5.04042598990767 4.41647960732695 3.95218474698328 3.84157698029545 3.95944358617315 2.87755803330257 1.20839770292199 1.17887657135093 2.63225036815219 5.9740192188828 9.13252652267899 8.44380921199536 7.5579524616131 7.74355667674847 8.25114289574928
2.42914629498441 4.86321975818469 6.34703087889681 6.64474814932769 6.56014856177666 6.10561462034169 6.86774044024208 7.31925200291642 5.83327225070997 5.13344046154746 6.67626601481157 9.16709887758899 9.86064476195694 9.96520559101963 10.2416568574145 9.69280574637851 8.82034238536428 8.56336211659037 8.23155586961237 7.73127721537482 7.84194818093838 7.85754292448032 7.67134089558378 7.21783915400675 6.38224174309851 6.4986815885502 7.52781900324472 7.96326553852408 7.51222476665072 6.8541746039916 6.28231155711117 5.21131625826562 4.44087121748818 3.40438585163977 3.32652921514562 2.97662657574219 1.59002380372419 0.991129232652002 1.20836391683695 2.68322535843766 5.58570670248292 8.26712507799746 7.90148635111623 7.74354661804646 8.43247036435661 8.94870193646823
4.56153956325238 7.20767315023475 6.68254450943714 5.92517288585522 5.33947189319036 4.65686667268588 5.84107427393577 7.22400419204617 6.13512918617499 5.3831360049082 6.78102702918694 9.27711319918687 10.5532322550263 10.7015048048584 10.0748334090228 9.47365612217016 8.88808284890494 8.73963489811114 8.73969136836453 8.7149002689979 8.35742374936826 7.84196137006571 7.53503642909863 6.99566330317855 6.16823153712276 5.87012360270093 6.11588799162 6.62278956711056 6.50011292451542 6.20551707378547 6.13448509876979 5.21605018842175 3.93058617233029 2.69820858041955 2.23839029073766 1.31744492993349 0.452854008771545 1.53777178737702 2.97521105143651 5.05141383410244 6.62355638365995 7.03462872816674 6.74937285900368 7.47592887962305 8.06934978784333 8.3866672958878
6.51605027706876 7.77322458123694 6.39341602697879 5.59067848395917 4.83275638366941 4.03279181490934 4.7147781276859 5.88596457126224 5.06773346899994 4.48025306349311 6.38037901030102 9.53305423541545 10.9309141786668 10.7007134385253 10.0125560560311 9.61582593271872 8.94982396026948 8.44938034311912 8.44878676522011 8.50111159705603 8.12019192794923 7.77084085848039 7.41537215909745 6.80947007927202 6.06369968161048 4.89486332113795 4.30988610379204 4.80798108385723 5.519823778154 5.71696126529193 5.69130200115129 4.95260392749813 3.99595044917048 2.87348786797832 1.60391363824612 0.878490782400388 2.37621100022824 4.06277857372478 5.25865429011484 6.68254063549806 6.91105205711398 5.85200677429187 5.37136678554629 6.42018493042034 6.92844484157341 6.940249728143
7.32546791803218 7.47499111564281 6.3756651409514 5.58343617068241 4.82281750515298 4.32455023515941 5.04858720782893 5.81695815495013 5.096769518771 4.32456188196251 6.33253975878382 9.50733480557332 10.4975405209285 10.0752126191116 9.55494282930546 9.32771649607688 8.13378895656556 6.86774710479554 7.07843081215985 7.39306473820503 7.58909529569631 7.68334698474224 7.22988504189637 6.63135604110228 5.66163713626082 4.26388238183745 3.62115313992832 3.75548727814453 4.65683526154392 5.46249675682633 5.32565666479002 5.16407256224905 5.4365677359026 4.79034125275278 4.0163312611575 3.73841814371382 5.36638582368641 5.47427047035758 5.37542177019461 6.51180123207243 6.29714911475757 5.04860138200578 4.83859245666522 5.26062683956135 5.3534104838279 5.17986634478456
7.1064639354161 7.4048567567772 6.70764885627397 6.02974769312366 5.40262967196069 5.55704166650577 6.62089612646975 7.48600967839885 6.75658828629479 5.62948888605465 6.35301716840836 8.53467424058038 9.29405477316038 9.3298217794733 9.09038368706538 8.98798662755274 7.51331695596122 5.75466069031794 5.91290005235575 6.39675134282124 6.98888265076714 7.33100397478855 6.97715730883328 6.26695710592374 5.33531950360262 4.61772687931129 4.0435878660532 3.71293209775931 4.40736615335814 4.75749771173014 4.73851010277213 5.03004082396572 5.78872683112765 5.83325890354785 5.51449668335271 5.4064855213945 5.39584054158149 4.27538882765292 4.24507195605787 5.84271950268124 5.81439608019292 4.82441708156209 4.83492014713897 4.50578929797594 3.86542641086306 3.14036461534476
6.00189343856998 7.07953904241563 6.87734928146988 6.3144852276561 5.63213360049947 5.87301492007878 6.80465844469885 8.16929385163549 8.31112164012697 7.34217023338757 5.94786673426843 6.43829211840743 7.3103172210656 8.593601037757 9.29041183337059 9.21234405920702 7.59623524069958 6.37398105543527 5.88307857748976 5.4857636476743 5.80967823083299 6.40889624435648 6.33308572774737 5.95266354670776 5.50312081377731 5.20056712702756 4.85766550559005 4.03670395977494 4.13273235262865 3.95676811796842 4.14908075290609 4.24903976381901 4.68542708924756 4.97664794607328 4.67017901201083 4.26389418476297 3.79038277424418 3.00454568714898 3.19618458860175 5.17495867001579 6.37398105543536 5.35809144024085 4.7119589422781 4.6484726438674 4.13274791374386 3.05039434527159
5.20938515521171 7.05720319166825 7.23675185863273 6.43874658760609 5.55874006777867 4.98589996656268 5.69492313442684 7.33006547268037 8.61714205641437 8.57878428005704 6.57822504018905 4.42431602222751 4.59021042092618 7.48728789974954 9.55266092599176 9.49701274159477 8.42251237560144 7.8075238407019 6.76684465311627 5.51405731750608 5.25592504555206 5.05691697170559 4.93146214241717 5.35218599674004 5.62946910591014 5.82171559236737 5.85214090272939 5.05196017646507 4.26194039833254 3.98453328827981 4.12877281661986 4.24902834171118 4.83275181024196 5.01250103533511 4.50714876247583 3.48258364810426 3.27874848679583 2.97109632627151 2.85397664244129 5.18543508910218 7.12671868860552 5.94466763002134 4.8852314878379 4.82285189248878 5.21132490512408 5.70717834647361
4.72471405417635 7.36808721941999 7.99213140584328 6.99534536620588 6.30847990987772 4.80697245879151 4.80213103242175 6.18021422389467 7.69499499902404 8.66036873542397 8.25017498765239 5.91255298250533 3.5320959308261 5.72756887280283 8.18534079053366 8.65193525268343 9.47566285962952 9.49258238468522 8.19698771033944 6.58207899118056 5.52705309725018 4.72911780612006 4.51622113283588 5.3075615988339 5.65735456534923 6.1339149699565 6.50158008094013 6.22174119038455 5.34788035757498 4.75252234576622 4.63255263887901 4.95258265355385 6.04686814560952 6.85539979092611 6.91077253331632 5.5991008677992 4.31358559701707 3.82588960443643 3.86346684300433 5.67083701154523 6.64637570064687 5.27893823930645 4.73209332323263 4.48152971503484 5.27981137719757 5.63398630710888
4.1883647332993 7.37579995487229 8.34150110315815 7.54613604475194 7.38352873508469 5.76161195728885 4.65545471663202 5.36033125830009 6.04259320627834 7.39431083492127 8.51538981247299 8.44422622416756 6.77010655300482 4.97665891242615 5.13957132877984 6.34671601429395 8.75616131004585 10.2328931335956 9.80788693684091 8.5839360382769 7.53107545719094 6.40002239794061 5.0768037778574 4.71442813959352 4.44001696499766 4.80797978024668 5.64426224808944 6.26695471474874 6.08918701759062 5.87303872285684 5.73261748640365 5.95492595634947 6.79557892843987 8.1201863603441 9.04249674400508 8.34704729294307 6.26789662729564 4.89260425070558 4.48700242828446 5.5048830616897 5.20899394503168 3.71897626903323 3.92134346173368 5.34731832324385 6.4371935818442 4.59712548397669
3.56565824699781 6.66756283728636 8.00035693069337 8.09264421334055 8.24647320427292 7.12560636546122 5.84730624811151 5.16754249584048 4.7101941088722 6.03329958139943 7.61706445640627 8.82112804052383 8.96777535692261 7.25887523932301 5.06684124393674 4.12954323609469 5.69556612552553 8.31630221305412 9.54210907465503 9.50729935978481 9.70160430472378 9.12689188819477 6.91820487745939 4.55598367930579 2.26315490829787 2.61345602169104 4.18652466425066 5.47017244030779 6.05299711023491 6.63513508311782 6.82214788948164 7.02527704336562 7.29262916054663 7.95821177152557 9.00914020078603 9.29956861556567 7.43425827785069 5.53231197435303 4.26388201363295 4.38493039507896 3.79511373017785 2.91566387279744 3.06429474746795 5.38482077525745 7.29167001095534 5.48174782005702
