2024/lab05_netlogo_gis/data/local-slope.asc
NCOLS 195 
NROWS 195 
XLLCORNER -84.355652 
YLLCORNER 39.177963 
CELLSIZE 9.30000000000046e-05 
NODATA_value -9999 
[rows 60 to 79 of 195, columns 92 to 137 of 195]
3.17760679549748 3.51245713265293 3.33819476444705 3.48258335888702 3.77233238320762 4.76889103924067 7.00111850382574 10.564517144666 14.3643321516639 15.2937637934238 14.5929791448101 12.1748895113129 5.28267606366692 3.06050060037298 7.79923904281687 11.7567931475514 13.9808140314388 14.2500565314094 12.1905306502899 10.0940559822203 8.56137369605343 7.14233098594363 6.98451116269276 6.26069131985773 4.0954521846884 2.30494177243828 0.944067943835285 0.454393171668487 0.628664371989199 2.31657526133871 4.5216801237266 5.40448270341583 4.1872556930429 4.44000950163545 5.60845240387611 6.30156290912002 5.28335969796071 3.61678397070267 4.72900383265592 6.74407112179733 5.07490206782184 3.1402557527447 1.87504212378889 1.32326983658644 2.20358416905457 3.14337225219152
2.24458464419842 2.89441118309192 2.74334893070226 2.83020420491538 3.27103554613123 4.08277280948501 6.2970436930093 9.49673265161237 13.3440248171169 15.3197190255482 15.0686261055665 13.5410029414866 8.84543416334337 3.73364093921717 2.03323428921515 7.54153134480111 11.5867397084279 13.8741569083754 13.2651722846262 11.8466079672673 10.7651391273669 9.49165758163163 8.81040642300886 8.04607449764277 5.90597918725907 3.87148485091252 2.22376221880649 1.54764137797638 1.64131707663271 2.76573784437018 4.99352917759793 6.45329148136496 3.7758490839975 2.39334018637781 3.37412775870815 4.97661873376252 5.75151901345342 5.07997605282447 4.87258346830816 5.21646837621215 3.63275320710413 2.42154004196097 2.89786916992688 2.33607318531944 2.03324113954688 2.64191398539162
1.5452703999632 2.7046383417107 2.71509448930186 2.63381669082135 2.73910465706352 3.28067369765999 5.16196429274597 7.91179623356859 11.9626956519333 15.1235152733481 15.681420716369 14.7775728242713 11.939141513739 8.78088697354249 4.49459124313511 1.70821419261408 6.6109075061554 10.7702465332392 11.7549644952641 11.6322169779198 11.739437902469 11.0067562890326 10.3825537378447 9.48013229045039 7.54152521284264 5.43874383193368 3.40435458143307 2.63544363775334 2.63190827772491 3.38877531841768 5.38179226416813 7.16927364952926 4.55585746999168 0.997377539407556 1.46497039351134 2.4495976687863 3.82934069324046 4.53630430497916 3.95868244303925 3.18984730587332 1.92171899858981 1.00372993563781 2.74017056583807 3.73359895806723 3.21294366136799 3.06301902418146
1.87503390693716 2.86868811300029 3.0642080078028 2.9156062568668 2.44958116346509 2.47655218101866 3.84151900257527 5.94909719377192 9.64433315416685 13.4209379450708 15.6630202959292 16.2792449907532 15.0597176082407 13.2809878477262 10.3246007462313 6.36533565313377 2.98774850110547 5.48346153515172 7.91759017628949 9.25004506721108 10.7475004861983 11.3634357276169 11.4002747644777 10.5512638375399 8.72608308495932 6.54934796065655 4.09772987683706 2.89130813906285 2.70463571434887 3.4452948721928 5.24233308180273 7.24276569111213 6.22035175031056 2.85762644719287 0.884959778332574 0.113225571231156 0.991143825104344 1.79681766480515 1.75462116522661 1.21706470350237 0.679228181628135 0.38322618163388 2.23142176768661 4.01063780395418 4.09885431566697 3.86308690269201
3.04064252992813 3.30548346344094 3.67108043601936 2.90883949981912 1.78669152445817 1.32603844891543 2.08604176061818 3.66330590271024 6.33240010948495 9.78177610998943 13.0103585700739 15.5634927050889 16.347392742697 16.0408173912512 14.557662526422 12.0922287630839 8.4725550553632 4.04846192286926 2.98290360810729 4.88335276721501 7.59869440268244 10.3690167082317 11.5968636043061 10.9856642151101 9.54183998110476 7.52445803594202 4.96779496037075 2.90758799983807 2.35670376205673 2.76469514428095 3.88625950919975 6.13891717120035 7.20747955011976 5.69469084319221 3.87117112001419 2.30493718833677 1.35828165414707 0.557141186428851 0.451670636985907 0.227182638615799 0.113204001515258 0.658783669732389 2.1815339755352 3.66053718782119 4.456048784286 4.37895433577955
3.88623855102592 4.10031189735446 4.48746993764016 3.35763394157 1.70820751628402 0.452854418179271 1.00930573218283 2.19901527729777 3.84811082013469 6.45356019808127 9.1475311124907 12.2236057657843 14.6117035509535 15.6379370908748 15.592070968101 14.7671332548533 12.6665684686416 8.88801568144109 4.9343143655367 1.56488395805135 3.71884405073784 8.26016028117599 11.1946357578938 11.3690300780042 10.7660847125851 8.96004915236791 6.05328549018755 3.3171192889791 2.18151581708598 1.7082223200116 2.15007455235545 4.15556614992761 6.04003856112672 6.03774166228481 5.25657458932066 4.62683124679918 2.96280774391021 1.71886636277365 0.988478843319233 0.226424207855679 0.113221183481898 1.2113031217804 2.31656106964135 3.35764530157493 4.76101159754104 4.21575115424821
4.09771475849176 4.83726974697897 5.57435783783465 4.47829184720848 2.52446840181381 1.36792528181451 0.715258207415781 1.18717906910927 1.98073617826162 3.51868567442472 5.48347516522291 8.07574321640089 11.0661493097776 12.8504218365221 13.9196287061932 15.0205511722832 14.5084746156839 12.2306786969066 9.36009533074002 5.36668405235823 1.48654802638359 5.57901074260459 10.2052736885245 11.5810641633767 12.0542959462381 10.4241365182635 7.12535590159193 4.00996496657937 1.95451367455193 1.01883191615696 0.875475419179782 2.24005937982848 3.92365598157718 3.92118505560903 3.08252969341923 3.66170004225022 3.04116903819135 1.7867060982959 1.65423301058551 0.875466967930015 0.939612684215531 2.40612163169802 3.05388813812808 3.52947460830672 4.45501391665933 3.51064490281578
3.15340619697463 4.24121470802807 5.7832762257202 5.35453010602165 3.52947117263157 2.46236063670384 1.65962675701793 0.628646263529205 0.495621809843421 1.26509650170134 2.62607383427273 4.66556502231917 7.53370528464477 9.58216348628374 11.297516559989 13.6822400677771 14.8180436609668 14.4051607067068 13.3008548931414 10.2273838090704 6.06360819780965 3.75948209041115 8.79976350030958 11.5345592401429 12.6437635596814 11.4518517787064 8.11798552317732 4.60174544216784 2.30495043421005 2.49766042271934 3.60318992252444 5.06767044899998 6.45717111313313 6.02495129540041 4.43643670628847 3.29652357345381 2.89128036061473 2.03700520071125 2.03700520071122 2.21901342015845 3.18985604369148 4.06268048987544 3.83824366291818 3.85823620737015 3.79192334727068 2.79380560685812
2.06261034982101 3.49409806004047 4.84045770468261 4.69306627186347 4.05301256446678 3.01529208374986 2.19015946211629 1.25840225926984 0.806272049424179 1.09911904206427 1.84922420722216 2.99337925872639 5.13542953267793 7.01986722690738 8.41594024302971 10.7441562222962 12.9608352691625 14.2133237320291 14.9820428123531 13.5962097071313 10.6534892232518 6.36218899039099 7.33635821110183 10.618490036074 12.05225788963 11.7073646894225 8.6812910594187 5.08615879014834 2.85880402325756 3.73125451790142 5.69183914416311 6.80939416277668 7.11053785328233 5.99260455084974 4.9969936263415 4.61771205534974 4.24215992019128 4.46020388789895 5.08451290107995 5.46631828060991 5.87170088291323 5.56382514815783 4.79033031735904 4.33765303219317 3.63471414672142 2.64512137746191
1.6992879531718 3.70767850394201 4.40957892216239 3.75376195033074 3.51061636209731 2.95402302462856 2.66611236942965 2.06740396284138 1.86940942585179 1.80614198268708 2.10343706569736 2.63380763768942 3.19241983590754 4.84484119718921 6.06360400128996 7.96536783141489 9.97053985263469 11.4760974608706 13.4084746487908 13.7318986699592 12.6423269124235 9.18835907696391 6.0123201602021 8.14845043776464 10.3299360024891 11.0945734263685 9.03199583292881 6.27410543991939 4.36571593892568 4.70795784486356 6.18978499729231 5.57022892759882 4.40416293645394 3.52375532336358 3.37695412903058 4.17946861653976 4.97604324388201 5.78814979743807 6.0340675937374 6.04409489105949 6.15791591238995 5.78867263515075 5.11398084365136 4.17946084144095 3.18847819763999 2.42632457801496
1.87060238677251 3.77851032779253 4.41812944980402 3.45958510939637 2.18150192532834 1.80742742410956 2.48048930798476 2.52445798803157 2.76465879631128 2.67935482811538 2.80732146632986 3.00687931588574 2.20692393979103 3.50601131134297 4.85763220347044 6.77765533398953 8.62482941016702 9.35977500121111 11.0433929240698 12.4689621850959 12.9703569673024 11.389445971752 7.31025567674722 5.615875609561 7.61330789018769 9.36227284887689 8.88587186676094 7.25329432424635 6.05990586047868 6.20292478029612 6.61213373383255 4.63333484883122 2.5130586114099 2.86866912994517 2.85878123204451 3.08824982681424 4.27834322240437 4.94158995848647 4.61308504902294 4.29328999306842 4.07058278307668 3.42273637368617 2.47658029114379 2.03656155432557 1.6805432512566 1.46497033598095
2.10342714530384 3.71659270724087 4.54055352366626 3.66546695180083 1.97638017741691 1.32324794412082 1.70000973485307 2.60997416440189 3.15858881669827 3.28423838582732 3.52467205033155 3.50397045813423 2.80274967173183 2.80639509579761 3.5188221153933 5.26295176602442 7.69403362089046 8.61753940522406 9.68075043671624 11.1675308296245 12.6423136222317 12.5364127992968 10.0144989186948 6.72519488764889 5.421398169708 6.54970885368813 7.23641722067946 6.815937885356 6.88362189098358 7.59867857230848 8.43775841569496 7.12392006226972 4.74412440406268 4.26664709326171 3.41334487831608 3.41338658146036 4.00998278823723 3.30567737922161 2.82804347746449 2.519015357542 1.87868913589985 1.36792638510852 0.556218633662213 0.782591497249013 0.718945129268154 0.454411695191746
3.20986650790336 3.97133115942517 4.49581924161247 3.66164209656117 1.97637913353859 2.07578575802684 2.65792841058703 3.34475473695355 3.60251468345008 3.83910851502753 3.66547985867779 3.33706364477449 3.22943880639695 1.64728146262906 1.60391337553622 2.88300164027007 5.36961185304689 7.00396426012376 8.44596389146979 9.95428069039935 11.8034937222808 12.535163311959 11.323982550081 8.7552865566858 5.97840179124725 4.39485034912026 3.8379702695093 4.6491772517259 6.14819258632009 7.76065846167333 10.0180397171137 10.0433231974481 8.40557728693843 7.64799963326916 6.18077372182591 5.0766554642507 4.79644540298912 3.45830340399402 2.2572756804689 1.73072936673124 1.38314155651263 1.2571429914386 0.658761112869679 0.633086022152416 0.88492442698041 0.658761112869639
4.93926314026176 4.76098633662755 4.45599597848705 3.47741829080474 1.93602220865706 1.92390563022339 2.42911324810201 3.14124412542232 3.42163717549211 3.57179671148802 2.95401920999212 2.69744240092332 3.06044613684651 1.31738189686791 0.988458198004013 1.32602686397427 2.74529647512726 4.09553169848916 5.7333528710588 7.63759361781396 9.79328701243045 11.3821530433513 11.2732118068056 9.63304984490278 7.26478530185105 4.75514055865262 2.0208489301485 1.09993314276147 3.92040373672095 6.20572522067915 9.14777507084075 10.8605276598639 10.5331489988146 10.5441733928192 9.945466733436 8.57507586882518 7.49049015450996 5.75447315952938 3.81768719183231 2.60212748507324 2.03320944150136 1.641286300725 1.09605214275101 0.56604576289858 0.829952368744203 0.806239623335337
5.90437932772542 5.95215316826949 5.45614856900048 4.20691231040025 3.06297688958907 2.43350419635716 2.24005240266624 2.83476162241798 3.01525440383199 2.95497190997593 2.62479452271355 2.46233413686369 2.69742910254207 1.64128444642731 1.01882521343518 0.769423664912092 1.16996607446073 1.98072252778612 2.73908085386674 4.20016354048157 6.34770855721445 8.65857626911096 9.92531061511035 9.57399319664604 8.12201856117484 6.40503564767032 4.94066596065682 3.22562341565192 2.1034382993362 2.80638612755267 5.47414114725531 8.30282073213134 9.68076864629452 10.7494644739766 11.4089773101668 10.8889097454217 10.0432928202939 8.84018334881259 7.10207648671733 5.37529564742278 3.95617195669178 2.44095277170962 1.43335314924507 1.2361422176206 0.811469746943169 0.492731378730549
5.24466224455517 5.8828658646996 6.28778163706168 5.36481324486606 4.5790783251303 3.99673279159162 3.07851833217626 3.15857906265779 3.30540988874947 3.04462438354403 3.07853442640866 2.48047072290081 2.30217128752551 1.58847068753991 0.566066304469805 0.875466643213726 0.992508354875689 1.12841091785713 1.18718855836808 1.86880952532388 3.45734834628982 5.43865647183738 7.46157398297244 8.62288375096176 8.39534367946155 7.75352300133304 7.22358916200827 6.43777062792186 4.61285976859572 1.88174147649154 0.939604507405191 3.95617289297964 6.10913921042198 7.94442558218501 9.72526630418594 10.4369461515992 10.3584027360621 10.0072751232645 9.25341009461502 8.29238724986773 7.14227982400333 5.06050824231396 2.88300132846995 2.01798875735598 1.32326059451382 0.454406901947518
3.53248672834711 4.12954090249428 5.84537169718054 6.00673220274292 5.41803898204311 5.43253667061401 4.5006666504436 3.97724811013867 4.3738712354135 4.05837100429242 3.74603710148002 2.28282603037187 1.65958191426988 1.17883236705585 0.113220159085641 0.984183053649336 0.82998079405823 0.139268158966173 0.226435234711361 0.660936558776433 1.81083535247037 2.97653900969148 4.73811302625668 6.5042320516773 7.36303469945084 7.88994659906836 7.9350235185609 7.83388855254731 7.20960343394207 5.93437870447918 3.76658654135866 1.44241869470092 2.6321038720989 4.58740872133878 6.58947957520195 7.95976511430076 8.89053139981038 9.37013033684389 9.68491560454468 9.57384839589646 9.57540899144098 8.82842109689223 6.46024503277036 4.88779034812726 4.03098577576506 2.92418125687671
1.54213367249795 1.97030735086798 4.06131147998954 5.32067857868988 5.50403486318631 5.95228566448866 5.68211960814297 5.14356975560407 5.66068845206206 5.46437372684242 4.80613235356009 3.2256295084844 2.00677064680238 1.16226526485998 0.113220065961464 0.603644373595986 0.886544549015018 0.908741156941154 0.769406084143434 0.359469407511808 0.553362550066851 1.20715739910846 2.25661219837678 3.86527890365147 5.35788480673312 6.69576305848824 7.15649938935386 7.22384704387275 7.32945605206159 7.45086513474364 6.91454548637717 4.79030764349408 2.61344406955314 2.57266368237571 3.7076137424153 4.70739820856966 5.95230660013771 7.10842079409148 8.7175476982828 9.48225227418103 9.91523963668761 10.2139641711691 8.84725429705192 7.83453184505272 7.07910661593997 6.03406710910704
3.40405954286675 1.57286047336159 2.08131936158029 3.0629540449988 4.31320387003694 5.09690154909481 5.28557463920892 5.2526610569146 5.7544367092873 6.42508811952898 6.66688536295117 5.67065841754297 3.9063025649904 1.87865316576061 0.495608670790045 0.33963910739772 0.227216657094837 0.549623941158941 0.782602412257197 0.886546578405625 0.633106961619434 0.939590757613184 0.892503956285852 2.35793520832842 3.87921027826108 4.87305305675979 5.79400294983552 6.02357588836239 6.23482433783675 6.4521720245308 6.78083874778551 5.91278362272655 4.18206967852521 2.75049014208893 2.29319487726552 2.59505557653403 3.04061615414807 3.34166441820946 4.84947593445327 6.56049603435634 7.99076765036621 8.70029051256281 7.54224392803627 7.0728899435764 7.01984149568784 6.57135224347143
6.5087639086608 4.57765202392083 3.10780022450486 2.22374720110639 2.74012505161293 3.56563522580853 3.69584855122945 4.12951805373881 4.5280031724116 5.58940669513003 7.07491890556225 7.54143795173742 6.17613142168449 3.96978633155621 1.98203626025201 0.827271923173481 0.113219879714807 0.113219879714856 0.276681788817708 0.535526663256614 0.226434676051206 0.658788194087495 0.178522587910716 1.42455140290679 2.79374804310361 3.42161949423683 4.22469727173366 4.83007630092404 5.40638691902315 5.34622369796817 5.55853422536922 5.10304861819043 4.09552358378295 3.28066711612522 2.51479130399025 2.64188398018562 2.60209742177852 1.84158989460239 1.93601316607341 3.03504350984942 4.82645659150067 5.82816819177282 4.53255091690713 3.86525938793303 4.46666853167904 5.02827288124123
